%% Dados do Sistema de 136 barras
% System data of 136 bars

% Dados globais
% Global data
nref  = 136;        % n?de referência
vref  = 1.00;        % tensão na subestação (pu)
vbase = 13.8;       % Tensão base (kV)
% sbase = 100000;     % Potência base (kVA)
tol   = 10^-8;      % Tolerância do erro permitida
vmin  = 0.95       % Tensão mínima (pu)
vmax  = 1       % Tensão máxima (pu)
% vmin  = 0.93       % Tensão mínima (pu)
% vmax  = 1.05       % Tensão máxima (pu)

% Base de impedância
% Basis of impedance
% zbase = 1000*((vbase^2)/sbase);

% Dados de ramos
% Branch data
%             de   para    R(ohm)     X(ohm)
%            from     to          R(ohm)          X(ohm)
Branch = [    136      1   0.33205    0.76653
               1      2   0.00188    0.00433
               2      3   0.22324    0.51535
               3      4   0.09943    0.22953
               4      5   0.15571    0.35945
               5      6   0.16321    0.37677
               6      7   0.11444    0.26417
               6      8   0.05675    0.05666
               8      9   0.52124    0.27418
               8     10   0.10877    0.10860
              10     11   0.39803    0.20937
              10     12   0.91744    0.31469
              10     13   0.11823    0.11805
              13     14   0.50228    0.26421
              13     15   0.05675    0.05666
              15     16   0.29379    0.15454
             136     17   0.33205    0.76653
              17     18   0.00188    0.00433
              18     19   0.22324    0.51535
              19     20   0.10881    0.25118
              20     21   0.71078    0.37388
              20     22   0.18197    0.42008
              22     23   0.30326    0.15952
              22     24   0.02439    0.05630
              24     25   0.04502    0.10394
              25     26   0.01876    0.04331
              26     27   0.11823    0.11805
              27     28   0.02365    0.02361
              28     29   0.18954    0.09970
              29     30   0.39803    0.20937
              28     31   0.05675    0.05666
              31     32   0.09477    0.04985
              32     33   0.41699    0.21934
              33     34   0.11372    0.05982
              31     35   0.07566    0.07555
              35     36   0.36960    0.19442
              36     37   0.26536    0.13958
              35     38   0.05675    0.05666
             136     39   0.33205    0.76653
              39     40   0.11819    0.27283
              40     41   2.96288    1.01628
              40     42   0.00188    0.00433
              42     43   0.06941    0.16024
              43     44   0.81502    0.42872
              43     45   0.06378    0.14724
              45     46   0.13132    0.30315
              46     47   0.06191    0.14291
              47     48   0.11444    0.26417
              48     49   0.28374    0.28331
              49     50   0.28374    0.28331
              48     51   0.04502    0.10394
              51     52   0.02626    0.06063
              52     53   0.06003    0.13858
              53     54   0.03002    0.06929
              54     55   0.02064    0.04764
              52     56   0.10881    0.25118
              56     57   0.25588    0.13460
              57     58   0.41699    0.21934
              58     59   0.50228    0.26421
              59     60   0.33170    0.17448
              60     61   0.20849    0.10967
              47     62   0.13882    0.32047
             136     63   0.00750    0.01732
              63     64   0.27014    0.62362
              64     65   0.38270    0.88346
              65     66   0.33018    0.76220
              66     67   0.32830    0.75787
              67     68   0.17072    0.39409
              68     69   0.55914    0.29412
              68     70   0.05816    0.13425
              70     71   0.70130    0.36890
              71     72   1.02352    0.53839
              70     73   0.06754    0.15591
              73     74   1.32352    0.45397
             136     75   0.01126    0.02598
              75     76   0.72976    1.68464
              76     77   0.22512    0.51968
              77     78   0.20824    0.48071
              78     79   0.04690    0.10827
              79     80   0.61950    0.61857
              80     81   0.34049    0.33998
              81     82   0.56862    0.29911
              81     83   0.10877    0.10860
              83     84   0.56862    0.29911
             136     85   0.01126    0.02598
              85     86   0.41835    0.96575
              86     87   0.10499    0.13641
              86     88   0.43898    1.01338
              88     89   0.07520    0.02579
              89     90   0.07692    0.17756 % 90
              90     91   0.33205    0.76653
              91     92   0.08442    0.19488
              92     93   0.13320    0.30748
              93     94   0.29320    0.29276
              94     95   0.21753    0.21721
              95     96   0.26482    0.26443
              93     97   0.10318    0.23819
              97     98   0.13507    0.31181
             136     99   0.00938    0.02165
              99    100   0.16884    0.38976
             100    101   0.11819    0.27283
             101    102   2.28608    0.78414
             101    103   0.45587    1.05236
             103    104   0.69600    1.60669
             104    105   0.45774    1.05669
             105    106   0.20298    0.26373
             106    107   0.21348    0.27737
             107    108   0.54967    0.28914
             108    109   0.54019    0.28415
             107    110   0.04550    0.05911
             110    111   0.47385    0.24926
             111    112   0.86241    0.45364
             112    113   0.56862    0.29911
             108    114   0.77711    0.40878
             114    115   1.08038    0.56830
             109    116   1.09933    0.57827
             116    117   0.47385    0.24926
             104    118   0.32267    0.74488
             118    119   0.14633    0.33779
             119    120   0.12382    0.28583
             136    121   0.01126    0.02598
             121    122   0.64910    1.49842
             122    123   0.04502    0.10394
             123    124   0.52640    0.18056
             123    125   0.02064    0.04764
             125    126   0.53071    0.27917
             125    127   0.09755    0.22520
             127    128   0.11819    0.27283
             127    129   0.13882    0.32047
             129    130   0.04315    0.09961
             130    131   0.09192    0.21220
             131    132   0.16134    0.37244
             132    133   0.37832    0.37775
             133    134   0.39724    0.39664
             134    135   0.29320    0.29276
               7     73   0.13132    0.30315
               9     24   0.26536    0.13958
              15     83   0.14187    0.14166
              38    135   0.08512    0.08499
              25     51   0.04502    0.10394
              50     96   0.14187    0.14166
              55     98   0.14187    0.14166
              62    120   0.03940    0.09094
              66     79   0.12944    0.29882
              79    131   0.01688    0.03898
              84    135   0.33170    0.17448
              91    104   0.14187    0.14166
              90    129   0.07692    0.17756
              90    103   0.07692    0.17756
              92    104   0.07692    0.17756
              92    132   0.07692    0.17756
              96    120   0.26482    0.26443
             110     47   0.49696    0.64567
             126     76   0.17059    0.08973
             128     77   0.05253    0.12126
             135     98   0.29320    0.29276 ];
