%% Dados do Sistema de 417 barras
% System data of 417 bars

% Dados globais
% Global data
nref  = 1;          % n?de referência
vref  = 1.0;        % tensão na subestação (pu)
vbase = 10.0;       % Tensão base (kV)
sbase = 100000;     % Potência base (kVA)
tol   = 10^-8;      % Tolerância do erro permitida
vmin  = 0.95       % Tensão mínima (pu)
vmax  = 1.0       % Tensão máxima (pu)

% Base de impedância
% Basis of impedance
zbase = 1000*((vbase^2)/sbase);

% Dados de ramos
% Branch data
%                 de     para          R(ohm)          X(ohm)
%                 from     to          R(ohm)          X(ohm)
Branch = [        384       68       0.0310675       0.0214200
                  89       67       0.1078225       0.0743400
                 225      224       0.0694450       0.0478800
                  21       72       0.1937150       0.1335600
                  66      384       0.0347225       0.0239400
                   3       20       0.6103850       0.4208400
                 224      222       0.0694450       0.0478800
                  72       74       0.0219300       0.0151200
                  70      382       0.0310675       0.0214200
                  20       51       0.0877200       0.0604800
                 222      221       0.0877200       0.0604800
                  76       72       0.0548250       0.0378000
                 382       66       0.0328950       0.0226800
                  51       52       0.0694450       0.0478800
                 221      220       0.0840650       0.0579600
                  75       81       0.0840650       0.0579600
                  59       70       0.0537285       0.0370440
                  52       56       0.1169600       0.0806400
                   1      273       0.0142545       0.0098280
                  81       76       0.0529975       0.0365400
                  68       85       0.0292400       0.0201600
                  56       27       0.0950300       0.0655200
                   1      274       0.1154980       0.0796320
                  74       75       0.1059950       0.0730800
                  68       93       0.0840650       0.0579600
                  27       31       0.1023400       0.0705600
                 274      275       0.0836995       0.0577080
                  72       73       0.0986850       0.0680400
                  60       58       0.0109650       0.0075600
                  31       40       0.1059950       0.0730800
                 275      209       0.1396210       0.0962640
                  73       80       0.0731000       0.0504000
                  65       71       0.0712725       0.0491400
                  40       47       0.0913750       0.0630000
                 275      276       0.1158635       0.0798840
                  73       77       0.0767550       0.0529200
                  69       65       0.0310675       0.0214200
                  51       54       0.0548250       0.0378000
                 276      264       0.1151325       0.0793800
                  77       78       0.0511700       0.0352800
                  59       69       0.0211990       0.0146160
                  54       24       0.0731000       0.0504000
                 263      264       0.0687140       0.0473760
                  79       83       0.2412300       0.1663200
                  63       61       0.1096500       0.0756000
                  24       29       0.0950300       0.0655200
                 262      263       0.0630936       0.0532656
                  82       80       0.0731000       0.0504000
                  71       63       0.0226610       0.0156240
                  29       34       0.1151325       0.0793800
                 261      262       0.0379730       0.0320580
                  78       79       0.0219300       0.0151200
                  61       60       0.0438600       0.0302400
                  34       47       0.1736125       0.1197000
                 259      261       0.0511175       0.0431550
                  83       90       0.1209805       0.0834120
                  58       62       0.1293870       0.0892080
                  47       21       0.0840650       0.0579600
                 257      259       0.0687140       0.0473760
                  77       59       0.3874300       0.2671200
                  64       67       0.0449565       0.0309960
                  20       44       0.0146200       0.0100800
                 372      239       0.0265811       0.0224406
                 123        1       0.0135240       0.0159530
                  67       68       0.0862580       0.0594720
                  44       25       0.1279250       0.0882000
                 264      265       0.0723690       0.0498960
                 120       94       0.2538284       0.2584552
                  62       64       0.0603075       0.0415800
                  25       35       0.1279250       0.0882000
                 369      347       0.1315800       0.0907200
                 120      123       0.2948750       0.3002500
                  58       20       0.5921100       0.4082400
                  35       38       0.0804100       0.0554400
                 369      370       0.2083350       0.1436400
                 114      115       0.0475150       0.0327600
                   1       92       0.3888920       0.2681280
                  38       41       0.1041675       0.0718200
                 370      348       0.1187875       0.0819000
                 115      112       0.0402050       0.0277200
                  92        2       0.3410115       0.2351160
                  41       43       0.1169600       0.0806400
                 383      251       0.0109650       0.0075600
                  94      113       0.0328950       0.0226800
                  92       87       0.0128524       0.0108504
                  43       48       0.0804100       0.0554400
                 383      370       0.0182750       0.0126000
                 113      114       0.0767550       0.0529200
                   2       17       0.0877200       0.0604800
                  48       50       0.0731000       0.0504000
                 208      277       0.0672520       0.0463680
                 106       95       0.0840650       0.0579600
                   6        7       0.0402050       0.0277200
                  20       33       0.0657900       0.0453600
                 277      278       0.0328950       0.0226800
                  95      112       0.0328950       0.0226800
                   7        3       0.0519010       0.0357840
                  84       33       0.0420325       0.0289800
                 277      279       0.0482460       0.0332640
                  94      111       0.0657900       0.0453600
                  18        5       0.1224425       0.0844200
                  28       36       0.0913750       0.0630000
                 279      280       0.0343570       0.0236880
                 111      106       0.0657900       0.0453600
                   5        6       0.0493425       0.0340200
                  36       45       0.1315800       0.0907200
                 280      281       0.0621350       0.0428400
                 119      121       0.0102235       0.0086310
                  17       18       0.1169600       0.0806400
                  49       45       0.0438600       0.0302400
                 281      235       0.0493425       0.0340200
                  94      119       0.0560280       0.0660910
                   2       14       0.0164475       0.0113400
                  55       23       0.0767550       0.0529200
                 281      282       0.0537285       0.0370440
                 118       84       0.0402050       0.0277200
